   75.00000               1   75.00000
   161.6250               2   86.62500
   261.6769               3   100.0519
   377.2368               4   115.5599
   510.7085               5   133.4717
   664.8683               6   154.1598
   842.9229               7   178.0546
   1048.576               8   205.6530
   1286.105               9   237.5292
   1560.451              10   274.3463
   1877.321              11   316.8699
   2243.306              12   365.9847
   2666.019              13   422.7124
   3154.251              14   488.2328
   3718.160              15   563.9089
   4369.475              16   651.3148
   5121.744              17   752.2686
   5990.614              18   868.8702
   6994.159              19   1003.545
   7994.159              20   1000.000
   8994.158              22   1000.000
   9994.158              22   1000.000
   10994.16              23   1000.000
   11994.16              24   1000.000
   12994.16              25   1000.000
   13994.16              26   1000.000
   14994.16              27   1000.000
   15994.16              28   1000.000
   16994.16              29   1000.000
   17994.16              30   1000.000
   18994.16              31   1000.000
   19994.16              32   1000.000
   20994.16              33   1000.000
   22054.16              34   1060.000
   23177.76              35   1123.600
   24368.77              36   1191.016
   25631.25              37   1262.477
   26969.47              38   1338.225
   28387.99              39   1418.519
   29887.99              40   1500.000
   31387.99              41   1500.000
   32887.99              42   1500.000
