   20.00000               1   20.00000
   60.00000               2   40.00000    
   102.4490               3   42.44898    
   147.4969               4   45.04790    
   195.3028               5   47.80593    
   246.0356               6   50.73283    
   299.8745               7   53.83892    
   357.0097               8   57.13518    
   417.6429               9   60.63325    
   481.9884              10   64.34549    
   550.2734              11   68.28500    
   622.7391              12   72.46571    
   699.6415              13   76.90240    
   781.2523              14   81.61070    
   867.8596              15   86.60728    
   959.7693              16   91.90977    
   1057.306              17   97.53690    
   1163.818              18   106.5121    
   1282.434              19   118.6157    
   1414.529              20   132.0948    
   1561.634              21   147.1055    
   1725.457              22   163.8221    
   1907.895              23   182.4382    
   2118.421              24   210.5263    
   2408.391              25   289.9702    
   2807.784              26   399.3929    
   3357.891              27   550.1072    
   4115.586              28   757.6949    
   5115.586              29   1000.000    
   6115.586              30   1000.000    
   7115.586              31   1000.000    
   8115.586              32   1000.000    
   9115.586              33   1000.000    
   10115.59              34   1000.000    
   11115.59              35   1000.000    
   12115.59              36   1000.000    
   13115.59              37   1000.000    
   14115.59              38   1000.000    
   15115.59              39   1000.000    
   16115.59              40   1000.000    
   17115.59              41   1000.000    
   18115.59              42   1000.000    
   19115.59              43   1000.000    
   20115.59              44   1000.000    
   21122.81              45   1007.224    
   22192.99              46   1070.176    
   23330.05              47   1137.062    
   24538.18              48   1208.128    
   25821.81              49   1283.636    
   27185.68              50   1363.863    
   28634.78              51   1449.105    
   30134.78              52   1500.000    
   31634.78              53   1500.000    
   33134.78              54   1500.000    

