p[mb] (dt/dtrad [K/s]
0., 64 day, levels
    37.50000 -1.26972e-05
   120.46800 -1.13123e-05
   221.03600 -1.00496e-05
   342.81601 -1.01920e-05
   489.95999 -8.95624e-06
   667.04199 -1.02692e-05
   878.75598 -1.08140e-05
  1129.33997 -1.12314e-05
  1421.68994 -1.16226e-05
  1756.45996 -1.46172e-05
  2131.31006 -1.38755e-05
  2541.12988 -1.29401e-05
  2979.06006 -1.25920e-05
  3437.93994 -1.30707e-05
  3911.47998 -1.58946e-05
  4394.79980 -1.58455e-05
  4884.43994 -1.60004e-05
  5378.06006 -1.61404e-05
  5874.14990 -1.74938e-05
  6371.77002 -1.89182e-05
  6870.31982 -1.81934e-05
  7369.43994 -1.84354e-05
  7868.89990 -1.79659e-05
  8368.58008 -1.58286e-05
  8868.37988 -1.55005e-05
  9368.25977 -1.45240e-05
  9868.19043 -1.35707e-05
 10368.09961 -1.21494e-05
 10868.09961 -1.06852e-05
 11368.09961 -1.08704e-05
 11868.09961 -9.07116e-06
 12368.09961 -8.04964e-06
 12868.09961 -5.13129e-06
 13368.09961 -2.05495e-07
 13868.09961  1.36340e-06
 14368.09961  2.11462e-06
 14868.09961  2.30850e-06
 15368.09961  1.70644e-06
 15868.09961  1.35407e-06
 16368.09961  2.38821e-06
 16868.09961  1.32662e-06
 17368.09961  3.37782e-07
 17868.09961 -5.12509e-07
 18368.09961 -1.23233e-06
 18868.09961  9.72060e-08
 19368.19922  1.64306e-06
 19868.30078  6.12932e-07
 20368.50000 -6.58923e-07
 20868.90039 -1.35283e-06
 21369.59961  5.42058e-07
 21871.09961  8.60103e-07
 22373.90039 -2.32752e-07
 22879.40039 -7.28058e-07
 23390.19922 -3.06364e-07
 23911.09961 -1.78566e-06
 24451.80078 -6.60891e-07
 25030.59961  1.06505e-06
 25681.40039  9.78458e-07
 26458.19922  1.48782e-06
 27411.90039  1.88957e-06
 28519.40039  1.21100e-06
 29695.90039  5.99438e-07
 30890.90039 -8.87909e-06
 32089.80078  2.79208e-07
100000., 64 day, levels
    37.50000 -1.26972e-05
   120.46800 -1.13123e-05
   221.03600 -1.00496e-05
   342.81601 -1.01920e-05
   489.95999 -8.95624e-06
   667.04199 -1.02692e-05
   878.75598 -1.08140e-05
  1129.33997 -1.12314e-05
  1421.68994 -1.16226e-05
  1756.45996 -1.46172e-05
  2131.31006 -1.38755e-05
  2541.12988 -1.29401e-05
  2979.06006 -1.25920e-05
  3437.93994 -1.30707e-05
  3911.47998 -1.58946e-05
  4394.79980 -1.58455e-05
  4884.43994 -1.60004e-05
  5378.06006 -1.61404e-05
  5874.14990 -1.74938e-05
  6371.77002 -1.89182e-05
  6870.31982 -1.81934e-05
  7369.43994 -1.84354e-05
  7868.89990 -1.79659e-05
  8368.58008 -1.58286e-05
  8868.37988 -1.55005e-05
  9368.25977 -1.45240e-05
  9868.19043 -1.35707e-05
 10368.09961 -1.21494e-05
 10868.09961 -1.06852e-05
 11368.09961 -1.08704e-05
 11868.09961 -9.07116e-06
 12368.09961 -8.04964e-06
 12868.09961 -5.13129e-06
 13368.09961 -2.05495e-07
 13868.09961  1.36340e-06
 14368.09961  2.11462e-06
 14868.09961  2.30850e-06
 15368.09961  1.70644e-06
 15868.09961  1.35407e-06
 16368.09961  2.38821e-06
 16868.09961  1.32662e-06
 17368.09961  3.37782e-07
 17868.09961 -5.12509e-07
 18368.09961 -1.23233e-06
 18868.09961  9.72060e-08
 19368.19922  1.64306e-06
 19868.30078  6.12932e-07
 20368.50000 -6.58923e-07
 20868.90039 -1.35283e-06
 21369.59961  5.42058e-07
 21871.09961  8.60103e-07
 22373.90039 -2.32752e-07
 22879.40039 -7.28058e-07
 23390.19922 -3.06364e-07
 23911.09961 -1.78566e-06
 24451.80078 -6.60891e-07
 25030.59961  1.06505e-06
 25681.40039  9.78458e-07
 26458.19922  1.48782e-06
 27411.90039  1.88957e-06
 28519.40039  1.21100e-06
 29695.90039  5.99438e-07
 30890.90039 -8.87909e-06
 32089.80078  2.79208e-07
